1807
1328
1307
484
723
517
29
217
728
1240
1697
324
1504
1538
78
1456
412
1953
826
1942
479
1883
833
1938
1907
1556
856
777
123
33
1294
1499
1513
957
276
166
177
461
191
1035
526
1856
316
709
1524
457
291
1574
325
559
991
1508
1095
500
1421
1525
630
309
322
1895
1014
1890
1890
1332
156
367
895
851
462
1626
1551
289
1991
990
1105
1538
400
839
1409
787
747
1943
682
466
706
632
1035
1777
128
1506
285
1126
317
1327
1444
582
896
734
1828
276
1632
341
1926
724
12
331
122
1765
396
389
351
1918
23
799
1538
1016
438
477
660
861
553
434
1231
271
520
304
1193
1116
493
737
1994
1568
657
983
1003
1163
1075
1071
751
805
224
859
215
175
1791
255
528
1516
1405
124
991
257
729
1420
1137
360
1792
1437
556
411
539
1026
106
783
791
1350
1415
974
1270
1906
328
234
1812
656
734
1775
365
1249
1340
488
1933
317
1061
1221
776
297
1002
1052
1819
158
1587
1725
1458
519
1899
1210
1436
826
897
838
284
1035
748
93
305
542
286
245
1048
1916
989
916
336
1847
78
1858
878
97
850
1696
1202
1322
518
1321
1274
105
1366
1992
278
1917
1362
1210
1100
1092
931
1813
61
1163
191
425
279
1895
747
1174
1068
932
1121
511
1123
124
1731
1342
526
602
686
615
844
1407
290
273
1615
1013
593
1394
304
51
54
1754
1122
1520
104
932
100
331
607
104
875
1370
983
372
1360
417
483
429
357
326
371
496
318
323
712
1821
1566
859
1319
471
847
17
1085
741
278
965
1090
1997
1846
336
1425
1473
1412
850
791
714
1339
986
1434
629
1409
406
956
1931
521
715
464
869
859
1319
1372
832
209
1669
15
1757
3
1506
1925
92
453
1294
776
442
1551
180
1850
280
1341
1645
1473
1775
681
641
2
1200
502
1952
865
1809
510
609
1991
1413
1774
889
1093
714
751
734
952
1769
457
1788
493
634
148
984
103
967
15
1875
1743
1089
84
1185
1708
664
747
138
563
727
447
1601
592
1230
686
1827
358
453
1428
130
691
1661
1226
211
968
601
1739
1077
135
141
72
196
1645
262
1516
76
1683
922
1042
881
1696
641
1350
1982
1697
1844
761
605
1339
741
1385
759
1839
175
192
620
384
1824
1612
1861
706
788
1359
1095
1139
675
552
1707
174
1422
466
1757
189
1958
811
865
767
590
807
77
891
1042
1958
1107
964
1496
387
109
877
1941
1967
1086
447
899
254
566
1672
1106
752
358
70
925
1234
1845
693
1086
1942
1410
1141
421
304
1371
127
1749
1699
1710
41
191
444
1278
1913
290
988
1625
630
547
1500
103
1253
26
1660
1125
1667
1966
396
498
718
1826
1999
969
793
1759
1261
353
879
644
840
1298
1687
1068
1825
1929
1977
1903
843
237
241
1115
1904
1171
1377
1604
1732
527
668
393
1063
1500
960
1369
990
942
1875
1414
1284
86
1074
746
1597
645
1158
247
1291
132
1047
1203
1381
804
1829
531
1876
738
1333
167
176
1437
1417
903
715
1675
212
140
140
920
412
1970
350
1441
897
460
1402
1184
1116
697
1507
1929
427
310
896
1556
893
500
1423
1276
1433
971
1880
1079
900
1662
1360
1815
1218
1489
1887
1777
604
1785
1732
1723
1251
660
1367
699
1172
1625
1663
398
1373
1040
1205
311
799
340
1849
1224
1012
200
948
1797
1506
1225
910
983
1585
930
1584
1343
522
1301
1532
1276
1137
841
588
862
1732
1087
553
284
1236
1370
269
1843
1859
382
1594
527
1662
1735
236
1055
270
1149
573
212
106
903
1336
731
1647
1038
224
1644
1042
1267
1377
1697
453
452
567
1674
88
971
799
1440
1490
263
394
1865
769
383
745
205
398
308
1157
502
132
1542
1694
477
866
1754
1111
642
479
523
1263
347
558
95
1699
786
1794
1675
1954
1816
516
937
354
190
738
1112
993
1414
1434
885
1534
661
1576
1145
1193
1468
1708
595
1560
1591
751
1960
1452
310
1752
8
468
1178
10
1011
112
802
400
667
872
1654
1004
587
1182
1043
1403
376
1712
1929
301
1704
51
945
340
177
541
244
1883
322
370
968
538
423
66
843
1879
665
864
581
1550
261
1717
1913
1252
1167
726
1500
665
1590
1460
1817
1500
137
1699
805
339
1498
1853
927
1995
50
1959
57
669
1189
1908
1277
338
792
1481
458
1480
1072
722
894
965
1836
259
1081
523
342
448
1807
621
294
1553
1758
689
1800
128
1632
1926
1743
773
1203
232
1930
1620
1480
114
933
1221
857
1108
1763
85
1726
1877
811
91
737
618
1296
414
417
1367
182
708
1940
245
1170
1598
1393
1077
929
419
381
724
44
1817
419
656
330
1323
553
1994
1846
72
1809
748
467
824
1470
301
1661
1924
600
2
274
246
1537
808
1473
559
1976
1103
1601
184
1918
1049
549
251
104
1507
1918
1939
980
643
306
1009
1279
899
876
433
470
797
1188
380
348
280
1969
1694
155
513
1883
1675
1118
1917
1142
270
1567
750
700
738
1741
932
26
741
384
1126
510
362
240
1138
271
1646
978
1969
1709
12
1620
1742
1291
1797
1756
1673
1659
906
60
1223
632
1164
360
1548
1369
1927
1275
987
213
1545
902
1997
66
889
1067
1296
1811
1638
890
1858
65
654
1114
959
1496
513
1418
1543
1830
1348
311
516
79
266
1521
266
437
832
1690
1983
663
920
558
141
199
1720
873
230
352
1571
454
376
1479
1737
1796
1521
1537
251
574
1716
742
626
586
1548
420
192
625
673
631
1766
401
25
1256
1880
1728
160
372
1278
1506
1355
910
1052
573
74
647
1221
603
44
989
1403
1775
1191
1282
730
1867
1560
1518
310
66
1640
920
1410
1866
1008
337
1426
1908
222
1665
355
1550
40
966
1369
200
448
346
970
1975
1401
660
42
1463
1145
418
1253
1108
1120
934
132
426
1448
1886
1274
507
1549
1641
238
945
974
166
1807
1861
517
1391
1331
1711
100
1431
912
319
256
1983
1454
1660
1394
1663
1852
763
1051
387
1922
1106
88
1891
167
253
823
600
981
1808
1401
44
858
494
201
1986
656
1834
1803
1302
271
1085
1528
1621
1680
1047
1625
304
245
793
1202
1293
1160
1394
354
1375
34
1000
1031
1575
1997
1353
1431
778
796
1779
1836
1781
1817
1649
208
1135
1407
151
1930
1630
905
1120
471
1245
58
357
908
460
1775
929
1979
1784
882
1683
1397
1853
384
788
95
857
973
778
1191
434
1430
124
137
1723
744
438
1197
531
1599
1567
899
399
674
425
1602
697
141
9
1645
1416
1550
440
1400
882
917
441
1369
384
1109
1292
1522
1297
400
578
286
1329
306
834
90
1003
1612
123
358
221
1380
1163
668
1899
619
976
832
1110
480
141
312
575
355
1759
335
1239
524
1857
644
648
1309
220
1528
1833
181
963
856
654
1079
414
1864
15
1226
1476
817
730
18
1599
267
1483
943
1467
1663
1771
1140
544
1014
1078
1067
512
1862
1233
423
1074
607
892
826
1488
1072
21
1816
1950
1376
1629
1163
1772
1481
1247
1128
766
247
766
275
1994
2
1934
1695
482
536
1174
488
1570
1808
420
1524
1356
442
1009
1991
274
1034
567
1318
1828
262
1920
207
1195
1422
897
1655
949
780
663
180
1874
444
1296
1660
382
973
1806
1069
1008
1065
39
1310
97
1826
929
1029
1154
1597
220
603
1800
995
1359
206
1929
885
1128
822
1739
209
31
426
1690
819
1946
1123
635
1501
566
1456
608
313
852
460
1451
1726
1010
893
1765
642
1532
830
433
223
195
1072
1053
1145
13
764
617
1358
428
381
1068
1519
1203
1388
291
1471
1127
1899
890
185
547
101
1456
983
1854
134
950
304
1520
1447
1721
1
1219
1853
992
1264
87
1603
1416
1852
1033
245
830
1193
1012
207
748
875
168
1172
344
641
202
1347
505
1076
1676
1831
284
1744
895
46
1238
1026
1303
125
1834
562
814
1906
1854
1795
331
282
841
281
1780
1316
1759
346
1985
1957
192
664
899
1757
110
430
469
970
1614
1913
994
972
913
1865
631
1368
707
920
1818
993
1235
1162
588
1892
165
1478
379
131
964
692
1115
229
700
1191
341
571
903
1341
1536
294
1525
1252
384
1015
1330
31
1628
823
1475
170
884
328
1521
1802
1379
1771
1369
1736
769
1588
355
592
1708
796
562
789
697
1317
635
744
725
1987
1801
1528
1793
648
1424
140
1869
864
1201
239
1795
895
254
1738
824
1448
1759
1337
1679
1999
1043
135
927
833
1515
1211
293
131
1411
215
429
456
34
1230
1645
631
1253
1751
402
1468
759
543
960
590
99
403
1124
49
909
46
1228
1965
30
48
9
814
1262
768
1620
205
1223
276
1887
15
248
638
989
1101
455
1528
356
372
219
1524
482
829
1608
1101
254
304
364
1890
464
996
666
1236
1972
1578
1013
1566
395
1643
1183
548
115
1039
1506
1823
872
944
95
312
938
750
1622
1411
625
1941
1685
543
1038
1003
1636
683
1364
1822
1424
1707
679
797
1942
426
1732
1766
1219
834
673
272
842
346
1734
266
53
351
1132
772
1583
1927
117
1468
354
82
1309
1772
44
801
1599
1921
360
1644
1771
208
266
734
438
1108
1451
804
1202
987
790
1094
944
385
97
997
3
1741
384
1350
1847
939
1526
13
210
602
110
573
1769
455
954
1407
198
1913
633
1666
1481
654
814
1538
1885
1590
1855
908
1565
303
651
544
1622
1024
575
216
1630
331
1931
201
1733
1548
320
423
635
263
269
925
1459
1313
731
1885
1526
1373
133
293
683
1786
44
1955
357
235
1418
1163
1677
1127
1445
86
978
66
951
989
111
732
203
726
1884
1704
490
606
359
176
215
1080
164
679
584
1429
1938
415
1639
660
1937
1149
1063
428
97
313
1786
312
796
554
1858
1826
1190
1409
1255
1955
1668
820
921
729
1788
1103
247
730
1915
1206
463
249
700
846
1350
1703
1687
924
1530
1323
1193
1982
1126
965
1219
649
1974
799
1829
1363
476
533
1532
866
754
1447
873
1524
721
1340
228
801
721
1162
1633
1581
1698
323
386
1426
1723
705
749
1598
1729
982
543
425
810
941
961
282
834
213
1482
1546
1229
1087
1126
1705
270
902
1478
223
360
751
711
422
403
17
967
1734
1826
1606
165
225
594
1714
457
1169
693
1620
68
1614
1568
1003
1689
548
545
618
1068
1972
1798
1503
1737
1290
1802
241
1688
303
689
1304
832
608
678
1697
1850
527
994
1378
1112
616
1840
1147
1173
711
655
1166
1246
8
1720
416
530
1791
640
1184
470
425
1056
1495
860
1922
515
193
1540
328
1776
1291
291
464
1401
909
1124
952
1587
475
1149
221
807
1526
179
1278
888
1496
1120
688
1942
1776
371
340
786
554
1369
646
1347
787
1580
1319
1896
1339
57
1596
1327
1804
197
1112
1622
1963
1874
392
704
1628
1439
926
538
1515
830
257
814
904
1531
659
472
98
137
370
1383
1911
366
755
6
1738
722
1852
1484
279
1572
1712
752
1076
1310
305
65
1112
442
1201
582
1536
1125
457
337
447
963
526
249
1910
1395
592
328
1412
1780
261
1426
720
1176
454
855
645
1576
1352
1675
221
1961
1870
1812
1569
1229
1101
979
32
317
544
1863
78
1381
461
1838
1486
1152
1639
1086
931
1094
677
291
1460
1155
228
393
1167
538
1544
1437
1215
1641
601
1135
1152
303
75
347
114
1260
1678
1480
1724
1192
504
383
1428
1031
1439
1600
1900
506
60
931
1007
633
828
555
1436
641
88
1439
209
712
72
1963
1804
1865
1252
420
767
124
11
11
338
1428
1911
1076
1277
1664
752
1784
470
682
144
488
584
436
1512
1298
533
837
161
1737
300
78
1461
960
190
1505
510
55
686
1620
1135
1017
664
354
1618
1765
148
227
1170
1820
1354
1678
1419
1995
1287
1932
1598
553
1329
702
1225
1970
760
257
774
758
1534
1745
179
924
136
1004
402
331
933
1161
1778
1418
399
1513
1117
325
287
12
819
835
390
567
776
1751
1721
1973
1657
900
428
1243
1621
1796
1315
337
1801
122
1093
1613
1996
983
1938
434
1757
122
1958
553
618
1723
30
1598
1730
282
267
31
28
1827
628
385
1818
405
625
1876
1673
179
1574
1655
602
1867
172
94
774
277
726
451
908
782
466
1228
1759
406
831
44
751
1958
1470
1627
1476
1686
460
1530
1746
254
1006
306
201
1051
1838
1773
557
1189
1094
104
1814
255
1370
1190
264
494
1899
424
229
1965
264
1420
1697
608
728
436
1767
1736
1718
233
235
567
1404
1231
1311
292
660
458
90
545
1290
145
101
459
1733
1555
840
402
408
647
549
1802
1396
424
1602
864
1873
1617
1917
657
92
1477
1755
1816
1827
658
706
518
383
1639
72
1207
529
499
220
866
400
608
1331
1841
1090
1409
69
1283
313
1447
1945
174
144
1338
1774
793
1366
406
764
360
618
1604
1386
1849
840
939
593
335
1522
294
513
796
51
343
1651
1429
608
1532
511
513
128
1346
1422
178
957
616
786
1831
1579
1397
165
913
1833
700
719
1140
1958
142
188
1744
854
1664
1998
465
853
1215
463
740
571
1922
121
1564
512
368
1945
1795
834
1009
465
356
260
1449
1310
73
633
1122
905
448
850
728
913
1300
1285
59
217
1897
463
1073
110
631
1226
491
285
315
1090
457
1106
1370
1236
623
1155
760
265
26
1534
793
1586
1822
1745
405
1956
1106
969
289
1446
1007
1084
1083
632
228
154
150
230
765
1217
311
349
485
785
367
1502
874
1569
1403
1169
752
1391
1144
667
1065
333
1307
1971
611
1770
1584
609
578
1806
1984
1832
384
1834
393
1111
1282
1663
905
1962
1485
1471
602
838
489
1713
1381
1108
948
1880
320
493
1962
902
1258
1384
1508
253
1176
1760
622
1495
833
329
942
678
647
340
657
1038
1415
1697
184
706
243
932
1972
1964
1293
1243
861
1681
1863
1087
1097
212
25
938
219
1498
947
680
1834
254
595
641
996
822
1481
1493
515
1286
1129
41
1774
179
1345
1041
675
1531
1244
222
900
994
1206
1882
207
160
721
402
1634
570
1127
404
1455
1629
513
1848
573
1459
423
324
863
1183
1609
1274
1304
331
318
597
1727
916
538
20
1168
932
133
1414
1731
704
586
1335
801
515
1070
1530
500
923
1490
1287
318
691
281
454
1181
641
1150
1469
1821
512
224
439
799
529
1519
566
697
1357
316
1162
1261
638
204
18
1230
63
478
1602
65
1040
1005
550
1649
1839
1287
1686
1333
868
1551
954
998
364
944
816
411
1304
499
1883
215
1814
1011
1247
630
352
1823
827
291
1156
1711
805
1790
1253
971
252
1837
671
793
1690
656
1904
1813
1080
1737
901
246
1079
92
547
526
1484
1843
1064
129
1660
981
1072
1498
1625
584
1724
1947
731
1396
896
1572
1570
618
476
1734
314
869
157
1208
1456
1568
1429
1017
1525
1449
393
151
1905
164
1081
1168
569
306
853
1719
532
1171
141
1785
75
378
1370
496
1935
1425
1916
167
1279
1933
1332
1279
1018
1250
1395
34
321
634
273
1431
1937
1922
1058
1510
16
838
1351
12
229
206
465
640
477
1545
443
1398
268
1081
1177
804
481
1886
267
4
653
936
230
890
1044
1879
1525
1622
1701
790
1404
892
1751
1656
1518
1874
884
1840
271
1817
219
247
1484
672
48
1338
889
1173
455
1618
331
1629
1345
1241
120
1063
1910
425
780
1020
36
135
974
937
326
384
673
1536
1224
1618
47
1740
218
686
387
212
1780
1181
134
1457
1610
1489
1261
675
31
1405
160
1457
1310
1127
734
1888
1574
253
1071
1623
1542
1958
1738
1504
1466
315
1497
1952
37
1302
186
187
992
1449
1975
194
1297
705
391
1326
207
669
662
1490
1509
1082
1219
1996
1973
369
217
1276
767
1859
929
248
1618
563
1077
1119
1410
149
1975
1197
1467
982
1923
1038
1973
556
1123
342
1928
895
1922
1536
178
1465
131
1078
679
1098
451
113
312
110
828
977
1479
995
155
1487
713
